32
1 177 215 0 0 0
1 486 426 0 0 0
1 434 435 0 0 0
4 24
3 646 684 17 16 0
1 652 671 56 59 0
3 623 700 3 3 0
3 644 712 6 2 0
3 656 710 2 4 0
3 661 708 5 2 0
3 671 703 4 4 0
2 4 675 584 675 624 694 624 694 584 0
2 4 609 587 609 631 631 631 631 587 0
3 632 647 9 9 0
3 672 649 7 8 0
0 4 688 624 688 722 830 722 830 624 0
0 4 689 719 689 776 713 776 713 719 0
3 701 782 12 8 0
0 4 740 724 740 750 752 750 752 724 0
3 746 750 8 9 0
0 4 779 722 779 779 794 779 794 722 0
3 785 777 8 11 0
3 819 754 15 15 0
0 4 809 721 809 754 826 754 826 721 0
1 847 619 29 26 0
1 917 578 72 68 0
3 628 704 2 2 0
3 633 708 3 1 0
3 644 710 4 0 0
3 652 712 3 1 0
2 4 27 161 27 228 184 228 184 161 0
2 4 432 155 432 227 583 227 583 155 0
0 4 27 228 27 671 583 671 583 228 0
3 383 424 23 23 0
1 383 424 35 31 0
3 231 426 22 21 0
1 231 424 36 31 0
1 297 445 197 122 0
0 4 259 497 259 520 293 520 293 497 0
1 306 516 102 18 0
0 4 320 499 320 522 353 522 353 499 0
2 4 285 672 285 800 355 800 355 672 0
2 4 209 739 209 783 288 783 288 739 0
2 4 353 745 353 782 462 782 462 745 0
2 4 454 692 454 767 502 767 502 692 0
1 439 710 16 7 0
1 454 684 6 11 0
1 470 682 8 13 0
1 484 681 4 14 0
1 498 687 4 12 0
1 165 684 7 14 0
1 180 680 6 12 0
1 193 679 7 12 0
1 206 684 7 12 0
1 227 707 18 7 0
2 4 159 689 159 761 213 761 213 689 0